              precision    recall  f1-score   support

           0     0.9901    1.0000    0.9950       100
           1     0.9783    0.9000    0.9375        50
           2     0.9604    0.9700    0.9652       100
           3     0.6667    0.7000    0.6829        20
           4     0.8846    0.9200    0.9020       100
           5     0.9794    0.9500    0.9645       100
           6     0.8095    0.8500    0.8293        20
           7     0.9800    0.9800    0.9800       100
           8     0.9608    0.9800    0.9703       100
           9     0.9048    0.9500    0.9268        20
          10     0.4444    0.6000    0.5106        20
          11     0.7917    0.9500    0.8636        20
          12     0.7524    0.9186    0.8272        86
          13     0.9000    0.9000    0.9000        20
          14     0.7826    0.8372    0.8090        86
          15     0.0769    0.1500    0.1017        20
          16     0.9057    0.9600    0.9320       100
          17     0.9703    0.9800    0.9751       100
          18     0.9048    0.9500    0.9268        20
          19     0.6296    0.8500    0.7234        20
          20     0.8333    1.0000    0.9091        20
          21     0.9500    0.9500    0.9500       100
          22     0.9600    0.9600    0.9600       100
          23     0.7568    0.6512    0.7000        86
          24     0.8947    0.8500    0.8718        20
          25     0.9263    0.8800    0.9026       100
          26     0.8272    0.6700    0.7403       100
          27     0.5500    0.5500    0.5500        20
          28     0.9895    0.9400    0.9641       100
          29     0.8667    0.6500    0.7429        20
          30     0.9608    0.9800    0.9703       100
          31     0.6316    0.6000    0.6154        20
          32     0.7222    0.6500    0.6842        20
          33     0.8506    0.7400    0.7914       100
          34     0.7917    0.9500    0.8636        20
          35     0.9703    0.9800    0.9751       100
          36     0.8404    0.7900    0.8144       100
          37     0.8202    0.7300    0.7725       100
          38     0.6316    0.6000    0.6154        20
          39     0.8125    0.6500    0.7222        20

    accuracy                         0.8736      2468
   macro avg     0.8215    0.8267    0.8210      2468
weighted avg     0.8816    0.8736    0.8756      2468

