              precision    recall  f1-score   support

           0     1.0000    0.9900    0.9950       100
           1     1.0000    0.8600    0.9247        50
           2     0.9515    0.9800    0.9655       100
           3     0.6071    0.8500    0.7083        20
           4     0.8532    0.9300    0.8900       100
           5     0.9604    0.9700    0.9652       100
           6     0.7826    0.9000    0.8372        20
           7     0.9898    0.9700    0.9798       100
           8     0.9901    1.0000    0.9950       100
           9     1.0000    1.0000    1.0000        20
          10     0.7333    0.5500    0.6286        20
          11     0.8636    0.9500    0.9048        20
          12     0.7327    0.8605    0.7914        86
          13     0.8571    0.9000    0.8780        20
          14     0.6970    0.8023    0.7459        86
          15     0.0976    0.2000    0.1311        20
          16     0.9057    0.9600    0.9320       100
          17     1.0000    0.9700    0.9848       100
          18     0.9091    1.0000    0.9524        20
          19     0.6957    0.8000    0.7442        20
          20     0.8000    1.0000    0.8889        20
          21     0.9400    0.9400    0.9400       100
          22     0.9700    0.9700    0.9700       100
          23     0.7342    0.6744    0.7030        86
          24     0.7000    0.7000    0.7000        20
          25     0.9659    0.8500    0.9043       100
          26     0.7857    0.6600    0.7174       100
          27     0.6842    0.6500    0.6667        20
          28     0.9894    0.9300    0.9588       100
          29     0.8667    0.6500    0.7429        20
          30     0.9604    0.9700    0.9652       100
          31     0.5882    0.5000    0.5405        20
          32     0.6875    0.5500    0.6111        20
          33     0.8837    0.7600    0.8172       100
          34     0.8261    0.9500    0.8837        20
          35     1.0000    0.9900    0.9950       100
          36     0.8723    0.8200    0.8454       100
          37     0.7800    0.7800    0.7800       100
          38     0.6111    0.5500    0.5789        20
          39     0.7778    0.7000    0.7368        20

    accuracy                         0.8736      2468
   macro avg     0.8262    0.8259    0.8225      2468
weighted avg     0.8824    0.8736    0.8759      2468

