              precision    recall  f1-score   support

           0     0.9804    1.0000    0.9901       100
           1     0.9783    0.9000    0.9375        50
           2     0.9519    0.9900    0.9706       100
           3     0.6500    0.6500    0.6500        20
           4     0.8190    0.9500    0.8796       100
           5     0.9505    0.9600    0.9552       100
           6     0.7500    0.9000    0.8182        20
           7     0.9798    0.9700    0.9749       100
           8     0.9802    0.9900    0.9851       100
           9     0.8333    1.0000    0.9091        20
          10     0.4783    0.5500    0.5116        20
          11     0.9048    0.9500    0.9268        20
          12     0.8132    0.8605    0.8362        86
          13     0.8571    0.9000    0.8780        20
          14     0.7263    0.8023    0.7624        86
          15     0.1163    0.2500    0.1587        20
          16     0.9505    0.9600    0.9552       100
          17     1.0000    0.9700    0.9848       100
          18     0.9091    1.0000    0.9524        20
          19     0.7200    0.9000    0.8000        20
          20     0.8333    1.0000    0.9091        20
          21     0.9223    0.9500    0.9360       100
          22     0.9608    0.9800    0.9703       100
          23     0.7895    0.6977    0.7407        86
          24     0.8500    0.8500    0.8500        20
          25     0.8911    0.9000    0.8955       100
          26     0.8148    0.6600    0.7293       100
          27     0.6667    0.6000    0.6316        20
          28     0.9780    0.8900    0.9319       100
          29     0.9231    0.6000    0.7273        20
          30     0.9515    0.9800    0.9655       100
          31     0.6842    0.6500    0.6667        20
          32     0.7857    0.5500    0.6471        20
          33     0.8673    0.8500    0.8586       100
          34     0.8261    0.9500    0.8837        20
          35     0.9900    0.9900    0.9900       100
          36     0.9059    0.7700    0.8324       100
          37     0.8391    0.7300    0.7807       100
          38     0.6842    0.6500    0.6667        20
          39     0.8667    0.6500    0.7429        20

    accuracy                         0.8788      2468
   macro avg     0.8345    0.8338    0.8298      2468
weighted avg     0.8871    0.8788    0.8806      2468

