              precision    recall  f1-score   support

           0     0.9901    1.0000    0.9950       100
           1     0.9583    0.9200    0.9388        50
           2     0.9245    0.9800    0.9515       100
           3     0.5600    0.7000    0.6222        20
           4     0.8462    0.8800    0.8627       100
           5     0.9510    0.9700    0.9604       100
           6     0.7917    0.9500    0.8636        20
           7     0.9796    0.9600    0.9697       100
           8     0.9802    0.9900    0.9851       100
           9     0.8696    1.0000    0.9302        20
          10     0.5500    0.5500    0.5500        20
          11     0.8182    0.9000    0.8571        20
          12     0.8061    0.9186    0.8587        86
          13     0.8571    0.9000    0.8780        20
          14     0.7931    0.8023    0.7977        86
          15     0.0789    0.1500    0.1034        20
          16     0.9320    0.9600    0.9458       100
          17     0.9899    0.9800    0.9849       100
          18     0.8636    0.9500    0.9048        20
          19     0.6000    0.7500    0.6667        20
          20     0.8000    1.0000    0.8889        20
          21     0.9495    0.9400    0.9447       100
          22     0.9796    0.9600    0.9697       100
          23     0.8333    0.7558    0.7927        86
          24     0.8333    0.7500    0.7895        20
          25     0.9082    0.8900    0.8990       100
          26     0.8434    0.7000    0.7650       100
          27     0.6316    0.6000    0.6154        20
          28     0.9894    0.9300    0.9588       100
          29     0.7857    0.5500    0.6471        20
          30     0.9608    0.9800    0.9703       100
          31     0.7692    0.5000    0.6061        20
          32     0.7500    0.6000    0.6667        20
          33     0.8936    0.8400    0.8660       100
          34     0.7037    0.9500    0.8085        20
          35     0.9798    0.9700    0.9749       100
          36     0.8696    0.8000    0.8333       100
          37     0.7835    0.7600    0.7716       100
          38     0.6111    0.5500    0.5789        20
          39     0.8235    0.7000    0.7568        20

    accuracy                         0.8788      2468
   macro avg     0.8210    0.8234    0.8183      2468
weighted avg     0.8858    0.8788    0.8805      2468

